{
  "locations": [
    {
      "id": 3688822252,
      "name": "OSM Depot",
      "coordinate": {
        "lat": 17.735170999999998,
        "lon": 83.3148312
      },
      "demand": 0.0,
      "time_window": null,
      "service_time": 0.0
    },
    {
      "id": 3762201264,
      "name": "OSM Customer 1",
      "coordinate": {
        "lat": 17.7353862,
        "lon": 83.3148488
      },
      "demand": 15.531148180055478,
      "time_window": null,
      "service_time": 625.6351259418864
    },
    {
      "id": 13086573759,
      "name": "OSM Customer 2",
      "coordinate": {
        "lat": 17.7304921,
        "lon": 83.3152149
      },
      "demand": 17.7293019828779,
      "time_window": null,
      "service_time": 543.541054938466
    },
    {
      "id": 8227713316,
      "name": "OSM Customer 3",
      "coordinate": {
        "lat": 17.7331744,
        "lon": 83.30908339999999
      },
      "demand": 5.686856359099122,
      "time_window": null,
      "service_time": 548.9741077112161
    },
    {
      "id": 1054293090,
      "name": "OSM Customer 4",
      "coordinate": {
        "lat": 17.7352824,
        "lon": 83.3198256
      },
      "demand": 19.74848855448787,
      "time_window": null,
      "service_time": 809.5509626696498
    },
    {
      "id": 10653480225,
      "name": "OSM Customer 5",
      "coordinate": {
        "lat": 17.7330053,
        "lon": 83.3236842
      },
      "demand": 7.625577783348696,
      "time_window": null,
      "service_time": 301.9512578117759
    },
    {
      "id": 5994673528,
      "name": "OSM Customer 6",
      "coordinate": {
        "lat": 17.7386625,
        "lon": 83.3166485
      },
      "demand": 23.64290264352204,
      "time_window": null,
      "service_time": 603.6896174678843
    },
    {
      "id": 2332930481,
      "name": "OSM Customer 7",
      "coordinate": {
        "lat": 17.7434783,
        "lon": 83.31663999999999
      },
      "demand": 12.81298549783649,
      "time_window": null,
      "service_time": 384.5279965144681
    },
    {
      "id": 3762201267,
      "name": "OSM Customer 8",
      "coordinate": {
        "lat": 17.735409,
        "lon": 83.31454889999999
      },
      "demand": 15.460782650868243,
      "time_window": null,
      "service_time": 431.22335390444306
    },
    {
      "id": 11853794496,
      "name": "OSM Customer 9",
      "coordinate": {
        "lat": 17.7348335,
        "lon": 83.31792589999999
      },
      "demand": 5.251860006883868,
      "time_window": null,
      "service_time": 611.5492390227107
    },
    {
      "id": 4875800426,
      "name": "OSM Customer 10",
      "coordinate": {
        "lat": 17.7283488,
        "lon": 83.31569329999999
      },
      "demand": 6.005473707161451,
      "time_window": null,
      "service_time": 687.8703041461521
    }
  ],
  "vehicles": [
    {
      "id": 0,
      "capacity": 100.0,
      "max_distance": null,
      "max_duration": null,
      "depot_id": 3688822252
    },
    {
      "id": 1,
      "capacity": 100.0,
      "max_distance": null,
      "max_duration": null,
      "depot_id": 3688822252
    },
    {
      "id": 2,
      "capacity": 100.0,
      "max_distance": null,
      "max_duration": null,
      "depot_id": 3688822252
    }
  ],
  "distance_matrix": [
    [
      0.0,
      24.001639710111387,
      521.8546607005475,
      647.9751336990782,
      529.1035139472056,
      968.0608563106061,
      433.3270743189469,
      943.3843380766644,
      39.9284700108451,
      329.90255085702717,
      764.0692886804808
    ],
    [
      24.001639710111387,
      0.0,
      545.5786776708528,
      658.2871628778531,
      527.2205109050922,
      972.4948789979442,
      411.15750847687,
      919.5802130423548,
      31.86349365253823,
      331.6410335770811,
      787.6182843281789
    ],
    [
      521.8546607005475,
      545.5786776708528,
      0.0,
      714.6188661958678,
      722.6249913264418,
      939.5268660736753,
      921.1071913087229,
      1451.866033752832,
      551.2657480265012,
      561.6773171128962,
      243.6508396399125
    ],
    [
      647.9751336990782,
      658.2871628778531,
      714.6188661958678,
      0.0,
      1161.611341193436,
      1546.5081298149253,
      1007.1522551103586,
      1397.5751712401564,
      629.9321601927193,
      954.5160241732988,
      882.0567924729474
    ],
    [
      529.1035139472056,
      527.2205109050922,
      722.6249913264418,
      1161.611341193436,
      0.0,
      480.7502368200876,
      504.4650115184615,
      971.7872573570579,
      559.0338763007927,
      207.29734951349147,
      886.5435957298203
    ],
    [
      968.0608563106061,
      972.4948789979442,
      939.5268660736753,
      1546.5081298149253,
      480.7502368200876,
      0.0,
      975.169681601114,
      1383.0187444934186,
      1003.7672518277411,
      642.8562860509963,
      992.1628379843972
    ],
    [
      433.3270743189469,
      411.15750847687,
      921.1071913087229,
      1007.1522551103586,
      504.4650115184615,
      975.169681601114,
      0.0,
      535.4932843975262,
      424.6487851872195,
      446.74286103109534,
      1151.284616613321
    ],
    [
      943.3843380766644,
      919.5802130423548,
      1451.866033752832,
      1397.5751712401564,
      971.7872573570579,
      1383.0187444934186,
      535.4932843975262,
      0.0,
      924.192142285909,
      970.8571870166957,
      1685.3088415961852
    ],
    [
      39.9284700108451,
      31.86349365253823,
      551.2657480265012,
      629.9321601927193,
      559.0338763007927,
      1003.7672518277411,
      424.6487851872195,
      924.192142285909,
      0.0,
      363.33906692270926,
      794.3598850225069
    ],
    [
      329.90255085702717,
      331.6410335770811,
      561.6773171128962,
      954.5160241732988,
      207.29734951349147,
      642.8562860509963,
      446.74286103109534,
      970.8571870166957,
      363.33906692270926,
      0.0,
      758.8472946683881
    ],
    [
      764.0692886804808,
      787.6182843281789,
      243.6508396399125,
      882.0567924729474,
      886.5435957298203,
      992.1628379843972,
      1151.284616613321,
      1685.3088415961852,
      794.3598850225069,
      758.8472946683881,
      0.0
    ]
  ],
  "time_matrix": [
    [
      0.0,
      1.6001093140074258,
      34.790310713369834,
      43.198342246605215,
      35.27356759648037,
      64.53739042070707,
      28.88847162126313,
      62.89228920511096,
      2.661898000723007,
      21.99350339046848,
      50.93795257869872
    ],
    [
      1.6001093140074258,
      0.0,
      36.37191184472352,
      43.88581085852354,
      35.14803406033948,
      64.83299193319628,
      27.410500565124668,
      61.30534753615699,
      2.1242329101692152,
      22.10940223847207,
      52.50788562187859
    ],
    [
      34.790310713369834,
      36.37191184472352,
      0.0,
      47.64125774639118,
      48.174999421762784,
      62.635124404911686,
      61.407146087248194,
      96.79106891685547,
      36.75104986843341,
      37.445154474193075,
      16.2433893093275
    ],
    [
      43.198342246605215,
      43.88581085852354,
      47.64125774639118,
      0.0,
      77.44075607956239,
      103.10054198766169,
      67.14348367402391,
      93.17167808267709,
      41.99547734618128,
      63.63440161155325,
      58.80378616486316
    ],
    [
      35.27356759648037,
      35.14803406033948,
      48.174999421762784,
      77.44075607956239,
      0.0,
      32.05001578800584,
      33.63100076789743,
      64.78581715713719,
      37.26892508671951,
      13.819823300899431,
      59.102906381988014
    ],
    [
      64.53739042070707,
      64.83299193319628,
      62.635124404911686,
      103.10054198766169,
      32.05001578800584,
      0.0,
      65.01131210674093,
      92.20124963289457,
      66.91781678851608,
      42.85708573673309,
      66.14418919895982
    ],
    [
      28.88847162126313,
      27.410500565124668,
      61.407146087248194,
      67.14348367402391,
      33.63100076789743,
      65.01131210674093,
      0.0,
      35.69955229316841,
      28.309919012481302,
      29.782857402073024,
      76.7523077742214
    ],
    [
      62.89228920511096,
      61.30534753615699,
      96.79106891685547,
      93.17167808267709,
      64.78581715713719,
      92.20124963289457,
      35.69955229316841,
      0.0,
      61.61280948572726,
      64.72381246777971,
      112.353922773079
    ],
    [
      2.661898000723007,
      2.1242329101692152,
      36.75104986843341,
      41.99547734618128,
      37.26892508671951,
      66.91781678851608,
      28.309919012481302,
      61.61280948572726,
      0.0,
      24.22260446151395,
      52.95732566816712
    ],
    [
      21.99350339046848,
      22.10940223847207,
      37.445154474193075,
      63.63440161155325,
      13.819823300899431,
      42.85708573673309,
      29.782857402073024,
      64.72381246777971,
      24.22260446151395,
      0.0,
      50.589819644559206
    ],
    [
      50.93795257869872,
      52.50788562187859,
      16.2433893093275,
      58.80378616486316,
      59.102906381988014,
      66.14418919895982,
      76.7523077742214,
      112.353922773079,
      52.95732566816712,
      50.589819644559206,
      0.0
    ]
  ]
}